ply
format ascii 1.0
comment created by owner
element vertex 19
property float32 x
property float32 y
property float32 z
element face 34
property list uint8 int32 vertex_indices
end_header
-0.356822 0.000000 -0.934172
0.356822 0.000000 -0.934172
0.000000 -0.934172 -0.356822
0.577350 -0.577350 -0.577350
1.500000 0.500000 0.500000
0.934172 -0.356822 0.000000
0.500000 1.500000 0.500000
0.500000 0.500000 1.500000
-0.577350 0.577350 0.577350
-0.934172 0.356822 0.000000
-0.356822 0.000000 0.934172
-0.577350 -0.577350 0.577350
0.000000 -0.934172 0.356822
-0.934172 -0.356822 0.000000
0.577350 0.577350 -0.577350
-0.577350 0.577350 -0.577350
0.577350 -0.577350 0.577350
-0.577350 -0.577350 -0.577350
0.000000 0.934172 -0.356822
3 0 1 2 
3 3 1 4 
3 3 1 2 
3 5 3 2 
3 5 3 4 
3 6 7 4 
3 6 8 7 
3 6 8 9 
3 10 8 7 
3 10 11 7 
3 10 8 9 
3 12 5 2 
3 12 11 7 
3 13 0 9 
3 13 10 9 
3 13 10 11 
3 13 12 2 
3 13 12 11 
3 14 1 4 
3 14 6 4 
3 15 0 9 
3 15 6 9 
3 16 12 5 
3 16 5 4 
3 16 12 7 
3 16 7 4 
3 17 0 2 
3 17 13 2 
3 17 13 0 
3 18 14 6 
3 18 15 6 
3 18 14 1 
3 18 0 1 
3 18 15 0 
